14
17
29
32
22
14
23
19
18
22
22
22
25
50
10
11
22
18
19
25
13
21
18
20
10
24
25
17
16
18
33
28
31
43
44
41
48
25
15
29
34
29
15
49
14
12
20
24
30
19
25
22
23
20
11
13
40
18
14
21
16
16
14
16
19
30
15
12
22
40
13
38
24
20
19
22
16
25
29
10
22
14
28
19
28
16
25
25
19
23
24
22
40
18
18
15
19
25
39
19
19
25
60
11
33
46
14
22
38
49
13
16
32
33
31
21
22
12
30
24
13
11
63
34
23
28
22
32
18
36
21
18
12
14
51
23
23
20
27
27
13
22
28
16
25
37
50
14
31
35
30
21
13
32
27
24
21
27
19
19
16
24
25
16
18
28
13
40
34
42
42
36
28
51
44
41
22
6
90
21
14
48
36
12
12
17
13
19
19
21
23
25
61
22
22
15
43
23
10
38
19
24
20
12
25
22
24
43
74
22
46
17
62
118
25
17
15
16
23
20
27
26
10
17
19
31
13
14
18
39
8
17
31
22
15
21
41
11
20
24
29
22
21
43
23
25
15
28
40
36
13
18
20
16
52
20
40
9
14
17
23
22
14
25
18
21
17
18
23
31
31
19
31
26
39
14
18
10
23
26
42
25
26
32
15
28
13
12
13
15
17
30
14
14
27
29
30
23
27
24
17
18
27
18
25
21
9
12
12
26
15
18
21
31
31
24
30
21
22
45
15
21
28
15
15
16
24
30
24
39
14
31
9
27
22
18
18
18
18
22
38
56
19
37
27
20
24
18
13
22
22
22
28
21
16
33
27
18
28
30
19
19
32
17
14
23
22
10
21
16
18
31
23
16
32
22
44
11
24
23
18
21
17
21
42
52
27
14
32
36
22
22
28
28
20
24
22
16
30
27
10
22
34
24
11
18
18
27
27
11
28
48
16
20
22
26
24
32
31
29
20
30
20
27
22
20
28
18
35
29
22
12
24
24
25
28
16
18
17
21
73
26
19
9
24
45
30
23
18
16
21
29
18
27
35
18
18
16
34
32
22
20
30
29
38
58
80
16
20
38
30
23
23
16
16
22
30
26
24
29
19
26
28
24
26
17
28
20
19
28
20
30
56
17
17
16
18
34
14
16
30
19
19
28
25
25
32
22
19
50
22
31
26
20
25
17
10
16
27
20
9
22
25
26
21
24
22
15
25
21
17
25
183
131
25
18
31
51
10
18
18
14
11
25
25
38
20
25
28
28
30
29
31
38
8
29
32
31
33
31
19
29
43
56
35
28
29
21
33
10
25
23
19
30
23
42
23
21
20
24
59
26
20
19
23
13
11
14
29
16
11
22
10
15
11
12
12
23
12
23
23
29
31
32
48
20
60
21
25
9
38
20
19
19
20
34
20
29
19
34
31
54
24
27
45
20
21
23
21
17
23
21
30
22
34
29
23
24
23
19
13
9
29
20
16
14
12
15
34
23
23
20
10
23
27
31
26
23
39
78
48
23
12
14
18
38
17
17
28
27
25
8
23
23
13
15
14
17
19
21
22
30
28
30
30
21
12
16
10
23
46
25
45
38
29
40
25
17
23
19
19
18
26
22
59
18
9
12
16
25
16
7
24
35
35
15
26
26
21
46
17
19
19
28
13
42
28
46
36
21
38
24
12
11
24
10
42
33
13
16
13
26
26
17
17
17
16
19
26
26
27
18
20
6
20
17
18
24
29
25
24
28
18
19
20
13
23
25
13
19
22
18
19
16
20
30
32
13
36
51
76
118
19
13
11
32
14
35
20
22
21
22
19
21
21
35
25
22
21
14
30
23
16
27
21
39
14
33
10
33
16
16
21
15
18
32
23
23
20
20
34
13
23
27
28
28
27
25
25
32
26
22
19
17
30
18
23
37
24
18
39
39
40
23
25
19
20
19
19
19
19
34
17
12
14
21
12
21
34
22
14
20
8
15
16
11
21
30
22
14
15
26
22
21
17
23
25
27
31
30
26
17
12
20
19
15
30
15
23
17
31
36
12
36
25
19
34
16
33
35
13
34
17
24
21
17
11
16
22
15
24
16
15
29
16
29
26
19
15
22
16
17
19
26
36
31
19
26
20
22
26
21
27
26
76
18
42
44
67
59
64
68
22
60
61
62
60
60
60
58
62
64
66
34
62
61
59
18
34
23
65
50
34
17
37
21
21
29
18
25
21
26
48
34
21
26
13
12
16
17
11
48
19
12
31
43
22
58
57
68
17
38
26
25
17
20
24
33
39
28
26
22
14
28
22
11
8
25
45
16
7
28
18
18
12
26
26
17
15
15
26
14
17
14
14
16
27
17
14
15
21
24
20
18
28
20
24
10
25
30
24
22
36
22
16
25
32
9
39
22
18
22
16
28
66
96
25
16
28
16
22
16
21
16
26
23
17
30
23
17
29
30
33
18
29
41
26
21
17
15
23
31
39
16
13
9
40
19
10
19
30
20
34
17
19
18
18
30
30
18
24
22
28
32
27
16
19
30
23
15
19
26
19
25
18
20
31
25
28
9
21
43
10
21
19
44
10
21
19
12
12
12
14
20
12
15
11
12
18
19
13
27
14
32
22
24
16
23
11
12
42
18
19
30
23
32
19
14
32
26
18
22
28
29
25
16
13
21
18
13
21
24
47
32
28
28
18
29
15
21
17
111
70
62
19
27
23
21
22
16
22
19
37
21
36
33
21
65
20
19
34
25
19
28
12
21
26
31
28
22
22
34
19
28
13
23
19
30
29
18
26
26
36
37
35
28
26
25
25
28
19
29
17
18
25
20
26
10
28
19
22
17
21
20
15
33
18
31
24
21
15
18
28
14
22
30
19
16
15
27
15
21
23
20
22
19
37
25
27
27
13
16
15
24
14
22
51
30
34
17
19
24
14
14
23
30
21
21
33
22
33
29
27
61
13
16
20
23
16
31
18
18
20
13
32
20
17
26
18
25
12
35
57
37
25
27
42
21
16
13
25
32
19
17
13
18
10
9
12
13
15
23
44
19
22
20
20
20
20
16
41
20
34
24
16
20
25
27
22
20
32
40
14
63
22
26
12
22
18
11
10
36
27
22
28
23
60
19
28
17
71
8
68
67
21
12
25
27
22
11
18
26
21
30
72
29
36
39
23
17
23
11
26
21
14
26
22
27
59
20
25
31
37
23
24
30
16
11
26
59
12
27
9
32
28
20
16
25
21
15
41
14
36
29
22
9
13
30
32
15
63
14
20
20
18
14
12
19
22
26
22
28
18
13
30
14
50
24
22
21
16
32
37
26
17
38
25
15
40
6
15
20
9
18
25
20
22
24
14
17
20
17
20
35
11
12
25
35
35
29
19
26
37
18
24
27
35
18
42
14
26
32
33
37
30
23
38
27
28
31
28
15
26
21
14
23
37
30
21
32
21
29
28
24
25
14
16
16
19
21
15
26
21
21
26
36
29
33
33
68
64
15
17
27
20
20
35
22
22
24
25
23
38
24
24
21
25
19
10
35
13
26
70
25
21
27
19
38
17
17
25
11
34
64
27
18
21
37
64
16
49
30
18
15
22
23
22
39
47
16
39
17
18
18
35
40
25
26
26
55
12
20
27
21
20
23
22
16
19
21
21
21
25
21
22
9
13
19
19
30
29
21
26
21
21
15
20
42
43
12
11
18
18
24
18
19
18
24
31
34
25
28
53
28
20
14
16
52
16
26
31
23
27
24
19
24
18
21
21
15
24
17
32
22
32
27
22
34
20
17
23
18
15
17
24
14
16
44
19
38
22
19
22
19
25
46
28
48
23
18
22
40
30
20
20
20
32
24
19
35
20
18
26
25
16
21
19
29
30
72
30
22
23
23
23
23
20
11
11
24
42
20
15
16
25
22
31
50
17
22
25
26
44
30
52
36
21
28
39
28
36
22
44
18
19
12
15
13
80
51
59
11
32
22
14
40
40
37
14
22
14
17
9
14
14
11
23
38
25
17
17
21
24
8
18
14
17
24
42
25
28
31
26
27
23
33
26
24
26
26
34
24
34
12
16
17
27
54
49
17
41
30
23
107
40
49
22
18
24
22
20
23
19
24
10
32
18
17
14
19
24
16
19
21
11
42
44
14
26
19
32
14
21
31
42
16
23
24
13
15
14
42
22
18
19
17
22
22
23
36
52
16
33
14
25
22
43
30
16
27
15
18
20
18
30
19
18
15
13
24
23
20
20
29
18
18
24
39
16
23
20
21
29
37
18
16
19
11
33
22
38
17
15
20
24
18
22
16
19
20
44
27
20
15
17
26
26
52
22
30
17
20
36
32
29
24
35
19
22
32
22
32
22
18
20
19
26
23
23
23
15
47
12
12
22
35
36
19
13
17
18
15
17
25
21
35
14
24
30
17
27
31
25
28
30
38
39
31
20
11
17
16
29
23
27
22
29
26
34
16
20
52
24
27
14
51
17
10
10
14
17
32
37
33
22
12
46
41
19
31
26
24
26
28
30
16
16
41
21
22
24
22
29
20
24
27
18
20
12
31
16
36
31
13
56
24
37
33
22
30
31
24
19
34
34
16
15
16
28
47
28
28
21
27
9
20
21
25
22
7
18
23
26
35
12
18
21
24
23
28
25
17
40
21
22
19
23
22
21
17
27
40
22
32
18
19
23
20
22
19
21
23
23
29
24
23
20
14
15
24
22
18
18
25
21
19
22
21
27
14
14
27
30
11
21
21
18
38
11
20
26
30
21
33
21
28
17
10
46
18
40
27
18
24
19
21
20
20
15
16
21
10
21
69
23
47
15
27
51
37
26
35
24
20
30
18
23
16
17
23
22
30
27
27
22
41
34
33
13
47
60
107
25
19
31
11
6
26
13
11
12
36
17
22
32
21
24
25
21
31
31
57
21
13
6
15
17
32
18
29
24
17
23
22
26
18
26
25
20
12
18
34
33
25
16
23
13
18
26
10
43
42
30
26
16
21
28
14
25
24
29
38
33
30
34
14
22
27
9
21
21
22
22
17
18
16
19
21
35
10
31
39
36
26
46
25
30
27
17
20
25
28
31
18
12
20
44
14
38
24
24
20
26
21
26
13
16
24
24
30
26
23
36
28
12
19
22
42
54
47
18
34
30
26
23
19
30
20
24
27
32
21
84
90
86
17
13
47
48
24
22
33
25
35
21
54
21
19
41
14
16
46
60
35
24
37
21
20
23
24
11
34
20
24
28
16
26
17
9
26
28
30
19
21
22
18
21
18
24
16
29
19
21
26
56
57
9
25
13
13
25
22
19
24
8
24
22
19
32
18
24
14
47
8
42
26
20
16
38
28
23
18
26
44
24
19
16
23
30
15
45
25
15
46
39
21
21
34
46
23
20
93
33
28
19
17
10
18
18
21
35
19
12
19
25
20
22
43
13
21
21
22
51
28
19
21
36
14
15
14
18
20
42
14
26
22
27
18
22
26
30
26
24
21
27
22
18
12
13
18
27
22
25
50
48
20
27
23
20
18
25
45
30
25
23
18
22
28
42
26
30
99
11
21
21
20
22
20
17
38
28
27
37
31
21
22
25
21
23
36
30
21
22
27
21
9
22
25
26
27
16
21
23
25
26
25
14
27
20
21
30
36
17
33
17
17
17
21
18
23
12
34
30
22
30
29
34
13
21
22
23
25
68
29
21
27
27
22
20
17
12
35
16
27
35
19
22
24
23
52
29
16
27
10
11
24
18
18
23
21
24
17
20
24
35
28
34
24
26
20
25
34
7
29
24
19
27
24
12
28
19
21
26
16
27
13
13
24
23
15
22
28
31
27
17
13
16
17
11
23
19
24
13
27
23
22
10
22
19
22
19
22
27
18
17
23
26
12
31
14
28
28
19
13
25
23
33
34
9
41
30
22
18
10
21
14
20
20
19
21
25
24
27
27
23
20
19
29
17
22
25
22
20
27
20
35
12
24
20
29
22
23
17
27
40
27
45
25
24
19
12
17
41
22
28
19
18
22
17
24
27
32
18
22
34
22
22
28
20
26
26
28
30
37
20
90
23
42
23
18
21
17
22
22
13
26
13
30
27
31
30
22
20
23
30
28
21
13
43
17
22
17
17
21
30
18
19
31
21
14
27
23
24
28
15
16
36
24
26
13
27
24
18
27
18
10
16
18
18
20
18
27
19
17
26
18
18
18
22
15
54
25
27
23
20
21
19
22
27
24
23
24
16
19
20
27
31
16
17
22
32
44
10
10
20
14
25
15
21
15
14
19
22
25
12
17
15
44
23
22
14
12
39
24
18
14
34
24
24
16
28
20
28
36
23
72
13
22
25
19
14
17
24
19
14
21
24
15
12
23
25
19
36
28
33
84
17
24
41
18
16
23
20
19
19
30
13
15
15
17
19
20
19
21
29
19
28
15
28
16
15
14
20
32
10
15
51
42
60
41
40
22
14
25
30
18
36
15
25
22
51
18
28
34
38
43
18
36
14
39
11
44
34
29
39
38
36
20
15
15
18
22
14
20
17
28
14
24
45
20
25
29
14
27
27
22
20
18
27
16
39
17
28
28
13
28
26
39
20
51
25
27
14
17
42
42
22
18
20
12
25
20
23
51
34
47
20
22
23
17
11
20
26
17
20
14
20
24
21
21
32
22
28
28
16
10
15
25
23
23
27
53
34
16
17
26
22
19
18
39
32
33
22
17
16
24
23
29
32
10
24
38
17
17
29
20
10
28
13
18
16
17
22
18
19
20
19
21
16
23
34
24
22
60
18
29
38
17
24
32
13
14
26
17
17
17
26
50
11
20
19
20
19
20
21
21
23
21
25
34
27
27
27
17
28
34
26
30
33
38
22
16
18
22
21
16
57
21
21
20
21
28
20
24
34
27
35
97
105
99
102
35
19
24
24
22
22
38
42
16
29
17
14
16
16
15
31
20
18
24
30
15
36
31
48
17
30
21
28
17
18
27
30
24
20
15
22
31
48
59
43
44
17
26
14
90
16
17
23
23
23
22
36
31
21
23
32
15
51
28
24
25
24
20
27
30
24
15
21
21
19
19
21
19
20
24
16
31
29
27
9
19
32
23
32
12
34
14
14
19
10
19
18
34
42
28
26
20
24
22
27
13
23
34
21
25
27
10
17
18
21
20
14
31
18
22
31
22
25
43
23
22
21
19
19
24
22
10
18
29
25
14
20
31
13
17
24
63
57
59
63
59
53
29
23
27
56
27
30
22
24
15
12
27
29
27
26
12
21
17
32
15
44
23
24
15
21
18
28
28
31
28
20
23
23
16
12
20
23
20
26
33
23
10
11
29
26
21
30
22
14
26
32
26
24
23
19
16
19
25
14
13
14
19
32
25
32
45
31
26
23
14
17
12
28
18
26
20
16
18
19
16
16
17
84
20
18
22
19
24
18
18
18
21
21
21
22
24
20
23
13
28
21
11
24
41
21
13
14
11
30
24
12
25
22
27
28
19
33
15
46
19
16
20
39
32
46
25
40
25
29
18
20
19
19
27
20
30
58
50
62
44
18
24
22
16
19
26
77
8
37
33
21
9
26
65
18
15
23
18
28
23
20
66
20
20
22
23
16
17
14
31
26
19
28
21
16
19
35
24
21
19
22
15
27
32
20
21
21
26
15
22
76
25
31
28
22
24
41
27
29
12
17
19
42
41
34
29
37
24
33
18
52
18
18
18
46
27
18
28
27
23
36
19
24
24
18
43
42
25
10
12
11
25
16
16
32
23
13
21
9
24
22
28
63
52
55
18
34
18
16
18
20
23
18
32
26
31
30
40
9
18
21
43
28
10
20
20
13
26
21
10
24
21
56
19
21
16
31
13
54
23
16
16
16
14
23
23
46
23
28
16
23
32
22
47
46
36
43
44
22
15
12
14
15
13
19
44
27
13
45
43
23
29
44
41
50
50
61
17
20
18
19
14
22
31
121
26
26
13
36
30
17
37
42
40
55
45
46
54
54
56
58
34
56
63
22
14
12
60
23
24
27
14
18
38
14
21
13
22
13
21
59
26
8
12
26
18
24
14
14
31
49
20
26
38
21
18
27
18
19
25
13
32
40
18
15
25
14
30
39
38
8
14
38
21
20
16
17
17
30
20
12
38
21
22
20
13
15
18
21
22
31
27
22
25
36
27
26
18
45
19
27
31
16
20
21
21
20
11
9
26
15
28
14
17
24
21
19
23
32
62
13
22
20
29
25
11
20
10
17
35
37
35
22
11
20
27
11
23
20
18
18
20
11
22
28
13
12
25
27
26
29
12
13
26
12
26
27
24
27
24
21
26
27
47
18
23
23
21
46
12
22
27
24
32
22
16
11
40
10
48
22
29
14
26
30
19
12
18
59
49
27
37
25
25
16
30
46
42
9
13
10
28
58
19
21
30
72
42
39
18
7
25
34
21
33
23
13
11
13
13
16
16
18
17
22
23
15
26
14
26
11
11
29
11
27
31
51
11
28
48
23
20
33
9
17
19
17
42
22
30
31
34
22
33
13
33
14
15
11
40
32
35
40
20
23
27
20
16
25
27
18
30
82
39
34
35
16
29
34
18
37
26
11
60
24
19
23
21
20
22
20
19
40
10
59
42
29
24
15
13
10
29
23
13
33
28
17
21
23
23
22
28
19
14
28
13
20
20
20
52
44
24
56
57
56
57
17
44
20
20
33
19
43
17
17
15
8
22
22
21
11
32
52
36
19
20
21
30
23
44
19
17
32
40
31
40
36
37
24
19
31
16
22
64
8
29
13
16
14
20
54
43
26
28
24
22
36
30
29
26
11
16
32
23
38
38
10
41
37
32
27
32
16
23
19
14
28
25
11
26
54
29
24
24
18
30
37
10
10
21
37
15
18
29
20
40
27
31
28
15
16
19
22
8
17
22
28
34
28
32
34
16
10
34
38
38
15
29
29
23
24
22
34
27
34
20
22
31
24
29
38
14
18
36
19
20
47
13
18
17
36
20
20
32
25
17
40
12
22
14
24
19
25
18
22
18
13
22
24
31
27
29
53
24
27
27
34
25
39
21
39
30
12
17
8
40
13
25
13
23
55
17
35
12
10
18
30
58
13
24
18
17
33
22
22
28
36
15
22
29
30
36
32
22
22
24
27
24
48
21
37
17
11
15
15
34
28
32
17
21
26
48
38
25
23
12
22
33
31
46
18
47
47
54
16
55
56
58
52
9
12
11
44
32
32
28
26
19
24
19
19
19
14
22
15
28
7
44
16
15
22
26
22
54
47
53
19
6
23
22
19
24
32
18
40
29
21
21
33
23
19
25
30
25
62
35
22
10
18
48
18
14
